colsubtypecd <- c(
  "BL" = "#97191e",
  "H2" = "#d4279c",
  "LA" = "#2a3188",
  "LB" = "#419ad2",
  "NBL" = "#66c530")

colNEJM <- c(red = "#bc2b25", blue = "#1070b8")
colJCO <- c(blue = "#1d67b4", yellow = "#e6b120", red = "#A70716")
